00
00
00
00
00
00
00
00
00
00
00
00
00
00
00
00
00
00
00
00
00
00
00
00
00
00
00
00
00
00
00
00
00
00
00
00
00
00
00
00
00
00
00
00
00
00
00
00
00
00
00
00
00
00
00
00
00
00
00
00
00
00
00
00
00
00
00
00
00
00
00
00
00
00
00
00
00
00
00
00
00
00
00
00
00
00
00
00
00
00
00
00
00
00
00
00
00
00
00
00
00
00
00
00
00
00
00
00
00
00
00
00
00
00
00
00
00
00
00
00
00
00
00
00
00
00
00
00
00
00
00
00
00
00
00
00
00
00
00
00
00
00
00
00
00
00
00
00
00
00
00
00
00
00
00
00
00
00
00
00
00
00
00
00
00
00
00
00
00
00
00
00
00
00
00
00
00
00
00
00
00
00
00
00
00
00
00
00
00
00
00
00
00
00
00
00
00
00
00
00
00
00
00
00
00
00
00
00
00
00
00
00
00
00
00
00
00
00
00
00
00
00
00
00
00
00
00
00
00
00
00
00
00
00
00
00
00
00
00
00
00
00
00
00
00
00
00
00
00
00
00
00
00
00
00
00
00
00
00
00
00
00
00
00
00
00
00
00
00
00
00
00
00
00
00
00
00
00
00
00
00
00
00
00
00
00
00
00
00
00
00
00
00
00
00
00
00
00
00
00
00
00
00
00
00
00
00
00
00
00
00
00
00
00
00
00
00
00
00
00
00
00
00
00
00
00
00
00
00
00
00
00
00
00
00
00
00
00
00
00
00
00
00
00
00
00
00
00
00
00
00
00
00
00
00
00
00
00
00
00
00
00
00
00
00
00
00
00
00
00
00
00
00
00
00
00
00
00
00
00
00
00
00
00
00
00
00
00
00
00
00
00
00
00
00
00
00
00
00
00
00
00
00
00
00
00
00
00
00
00
00
00
00
00
00
00
00
00
00
00
00
00
00
00
00
00
00
00
00
00
00
00
00
00
00
00
00
00
00
00
00
00
00
00
00
00
00
00
00
00
00
00
00
00
00
00
00
00
00
00
00
00
00
00
00
00
00
00
00
00
00
00
00
00
00
00
00
00
00
00
00
00
00
00
00
00
00
00
00
00
00
00
00
00
00
00
00
00
00
00
00
00
00
00
00
00
00
00
00
00
00
00
00
00
00
00
00
00
00
00
00
00
00
00
00
00
00
00
00
00
00
00
00
00
00
00
00
00
00
00
00
00
00
00
00
00
00
00
00
00
00
00
00
00
00
00
00
00
00
00
00
00
00
00
00
00
00
00
00
00
00
00
00
00
00
00
00
00
00
00
00
00
00
00
00
00
00
00
00
00
00
00
00
00
00
00
00
00
00
00
00
00
00
00
00
00
00
00
00
00
00
2f
25
00
00
00
00
00
00
00
00
00
00
00
00
00
00
00
00
00
00
00
00
00
00
00
00
00
00
00
00
00
00
00
00
00
00
00
00
00
00
00
00
00
00
00
00
00
00
00
00
00
00
00
00
00
00
00
00
00
00
00
00
00
00
00
00
00
00
00
00
00
00
00
00
00
00
00
00
00
00
00
00
00
00
00
00
00
00
00
00
00
00
00
00
00
00
00
00
00
00
00
00
00
00
00
00
00
00
00
00
00
00
00
00
00
00
00
00
00
00
00
00
00
00
00
00
00
00
00
00
00
00
00
00
00
00
00
00
00
00
00
00
00
00
00
00
00
00
00
00
00
00
00
00
00
00
00
00
00
00
00
00
00
00
00
00
00
00
00
00
00
00
00
49
4e
26
4c
4b
0d
44
0e
29
49
58
13
13
16
1a
3a
0c
54
0a
28
27
21
3e
58
45
32
08
24
49
00
00
00
49
4e
26
4c
4b
0d
44
0e
29
49
58
13
13
16
1a
3a
0c
54
0a
28
27
21
3e
58
45
32
08
24
3c
4c
02
22
07
29
3e
52
06
52
31
2f
07
25
13
1a
0b
2d
24
4b
1e
63
0f
15
20
4d
0a
01
50
46
5a
5c
63
5c
1a
06
55
28
28
5b
17
59
5b
1e
4f
0a
09
2a
07
61
12
59
60
21
0b
1c
3f
49
52
2b
2b
48
57
2a
10
42
00
36
06
5d
61
51
52
28
0c
0d
32
49
08
3a
46
1a
2f
43
0b
0a
5f
4a
53
4d
45
4f
01
39
49
46
17
4a
4c
51
43
49
3f
01
0e
1b
43
10
00
4b
4a
46
01
4a
59
40
24
55
27
14
0e
3c
63
44
45
18
26
2c
62
42
1a
11
27
59
13
05
10
26
16
44
0d
30
5a
42
4a
50
1e
0b
11
15
53
1f
52
22
33
03
3a
29
30
39
07
4a
1a
63
0f
2d
04
53
53
4e
03
30
4f
5d
0e
05
49
2d
10
5a
12
33
4a
34
55
19
38
2c
13
04
35
1a
1e
4f
19
61
4d
52
50
0c
0c
53
3d
2b
4c
1b
31
02
18
11
2c
2b
45
12
5f
36
60
33
32
0f
07
03
29
25
23
13
22
40
35
42
4c
41
01
59
09
1e
11
3a
20
5d
1b
4c
24
60
2f
54
03
2b
57
05
0a
5f
09
03
54
60
16
47
3c
4b
25
24
5d
27
4e
02
15
2f
0c
35
28
27
51
1d
58
1c
0d
2b
17
34
30
21
2f
09
59
54
05
0b
37
11
27
2c
06
54
23
54
26
38
1f
32
3d
47
29
2b
34
51
17
41
18
63
12
49
54
11
52
49
35
28
55
3c
39
4c
05
3f
3c
28
2f
62
31
1e
00
0a
36
5d
05
06
4b
51
48
63
50
2a
18
40
0b
3b
26
11
63
4b
4d
38
03
52
14
0f
4b
13
41
18
02
41
56
38
3a
2c
3e
55
19
56
25
39
50
3d
15
5c
14
0b
09
13
26
56
1c
29
15
00
08
60
47
49
48
49
26
0a
1d
31
36
5c
22
1f
1e
17
58
0b
55
3e
37
39
49
10
1d
40
36
09
39
4b
09
42
17
50
27
2f
06
4e
3a
23
4f
0c
4f
41
60
0a
59
54
49
1a
2e
1c
53
48
2c
40
58
62
49
2d
1a
22
0b
31
0f
33
61
15
51
07
08
3c
47
28
4d
43
32
42
34
4b
5c
32
03
1c
16
63
2c
0a
31
12
38
4b
34
13
4d
13
46
1a
5c
03
21
35
0f
04
5d
5d
48
5f
0b
4c
46
04
1a
49
54
31
48
1c
0b
49
62
13
31
33
5b
1a
16
3d
34
43
11
55
14
20
29
0d
4d
0d
08
59
59
4e
2d
44
03
1d
45
1b
09
50
00
08
34
31
0b
2b
1b
55
38
1f
34
19
10
48
3a
0a
55
57
4b
2d
4c
41
4b
15
55
4e
02
36
05
0c
22
06
48
26
07
53
21
23
44
5a
42
49
0f
23
2d
19
61
53
0d
48
50
59
59
38
3f
4a
22
41
1c
28
1d
0f
62
01
35
39
24
57
2c
39
1d
3f
1e
60
32
1b
16
2f
0a
57
13
5b
4c
09
63
27
53
21
39
40
19
56
4f
4b
28
54
21
4c
17
4d
55
34
28
0f
31
5a
5f
17
25
39
0a
09
00
26
12
63
1e
35
21
57
11
0a
19
30
56
41
21
13
5e
38
30
4f
3d
29
2f
3e
53
2a
55
49
63
2f
52
00
55
34
33
0f
05
54
36
4b
5f
20
17
21
31
08
34
2b
11
34
4b
4e
5d
4a
28
4d
10
4d
32
43
4c
20
13
3d
24
47
1d
29
07
23
44
36
43
2c
57
11
34
5b
0c
45
2c
27
63
59
0d
5b
42
51
44
44
01
2c
34
14
3a
58
2b
27
52
03
1a
32
39
2e
5e
2d
0f
2f
58
1b
44
20
43
44
16
20
3b
28
0e
50
09
0f
4c
0d
57
56
02
53
19
54
56
34
22
2b
62
51
28
0d
1c
1d
5c
30
0d
0b
10
57
2c
1c
50
0a
08
59
19
54
36
40
47
38
2f
30
28
55
34
1b
51
02
08
15
43
58
02
3c
24
44
17
05
07
43
21
57
1d
29
1c
06
4d
53
47
00
27
46
31
20
38
01
3b
25
38
13
0a
17
07
41
53
5f
21
3b
00
28
1a
21
1c
38
1a
38
0e
38
5b
55
38
1f
38
39
0f
40
0b
1a
01
43
2d
0b
2a
34
4c
1a
63
3d
55
00
02
3f
55
52
47
40
5a
56
14
52
17
1c
41
1f
26
50
5f
01
06
60
44
03
3c
0a
07
58
58
06
32
19
06
04
29
5c
26
40
08
50
32
1c
3e
1a
08
4f
39
2e
0b
35
2f
45
01
43
48
0d
1e
4f
02
46
56
04
30
2c
3c
59
58
32
35
60
1e
38
4c
2d
22
55
4c
5b
53
58
60
53
39
62
02
1e
0b
54
3d
41
37
2f
15
37
2c
21
2c
20
53
31
1d
42
39
05
0b
5b
2a
57
23
4e
1b
1f
3d
55
51
0f
43
2d
00
1c
0a
07
1c
54
3e
48
11
3a
38
01
07
55
43
11
2b
1e
3c
25
45
5f
0f
61
4f
1c
22
3c
2c
01
05
60
51
44
03
09
34
11
21
45
4b
5a
16
22
1b
59
33
16
47
40
3c
29
0b
1b
5a
5a
38
18
03
34
4d
08
00
3a
1c
37
14
50
48
35
02
2f
2b
18
21
47
42
25
5d
59
01
05
1e
0c
21
48
03
29
60
06
2d
49
42
2d
54
2f
00
04
1b
48
39
51
47
35
3a
04
4c
4c
29
15
41
5e
1b
60
07
0c
14
3e
35
11
14
62
2a
26
5f
4e
55
5f
52
41
13
5c
62
5a
2d
38
2e
15
20
28
5e
62
22
15
2e
29
21
42
37
26
23
1b
58
1e
42
53
08
33
4e
5b
44
61
53
43
27
50
17
56
35
08
1a
2f
06
0c
45
04
06
36
16
3d
5d
3a
59
51
58
07
41
30
0a
5f
27
4f
2d
4a
62
24
36
49
4a
07
51
34
07
27
41
4c
2b
47
52
42
20
1b
4c
49
09
10
20
1a
40
2b
49
38
4a
46
1e
48
07
25
2d
51
60
1b
22
03
42
63
1f
3e
16
0e
50
36
29
08
50
02
18
0c
50
28
07
06
60
51
4c
1b
35
23
10
63
11
0c
4e
03
10
60
36
2f
0a
4c
0d
5a
52
07
32
0e
09
4a
1b
2a
43
22
30
3f
44
4c
2a
15
0c
3a
48
51
47
02
24
57
63
5a
56
3d
12
00
34
00
3b
36
0f
14
1d
5e
3e
30
50
3e
0b
30
5b
36
16
03
40
2e
24
23
31
48
4a
30
0e
0d
09
20
41
0d
54
18
44
63
2c
31
2d
3b
61
1a
15
3c
1a
0c
42
00
43
1f
2f
37
42
60
1b
5d
60
5d
06
39
19
47
17
0a
2f
2b
3d
5b
5c
07
32
29
55
18
35
3f
24
14
40
38
33
0b
0b
45
3b
5b
3e
37
54
44
0c
3e
5b
23
18
26
4e
55
52
16
2c
20
0f
51
38
45
2d
2d
49
00
00
00
4e
00
00
00
26
00
00
00
4c
00
00
00
4b
00
00
00
0d
00
00
00
44
00
00
00
0e
00
00
00
29
00
00
00
49
00
00
00
