
 20 5f 5f 5f 5f 5f 5f 5f 5f 20 20 20 20 20 20 20 20 20 20 20 20 20 20 20 20 20 20 20 20 20 20 20  #  0   ________                
 7c 5c 20 20 20 5f 5f 20 20 5c 20 20 20 20 20 20 20 20 20 20 20 20 20 20 20 20 20 20 20 20 20 20  #  1  |\   __  \               
 5c 20 5c 20 20 5c 7c 5c 20 20 5c 20 20 20 20 20 20 20 20 20 20 20 20 20 20 20 20 20 20 20 20 20  #  2  \ \  \|\  \              
 20 5c 20 5c 20 20 20 5f 5f 20 20 5c 20 20 20 20 20 20 20 20 20 20 20 20 20 20 20 20 20 20 20 20  #  3   \ \   __  \             
 20 20 5c 20 5c 20 20 5c 20 5c 20 20 5c 20 20 20 20 20 20 20 20 20 20 20 20 20 20 20 20 20 20 20  #  4    \ \  \ \  \            
 20 20 20 5c 20 5c 5f 5f 5c 20 5c 5f 5f 5c 20 20 20 20 20 20 20 20 20 20 20 20 20 20 20 20 20 20  #  5     \ \__\ \__\           
 20 20 20 20 5c 7c 5f 5f 7c 5c 7c 5f 5f 7c 20 20 20 20 20 20 20 20 20 20 20 20 20 20 20 20 20 20  #  6      \|__|\|__|           
 20 20 20 20 20 20 20 20 20 20 20 20 20 20 20 20 20 20 20 20 20 20 20 20 20 20 20 20 20 20 20 20  #  7                           

 20 5f 5f 5f 5f 5f 5f 5f 5f 20 20 20 20 20 20 20 20 20 20 20 20 20 20 20 20 20 20 20 20 20 20 20  #  8   ________                
 7c 5c 20 20 20 5f 5f 20 20 5c 20 20 20 20 20 20 20 20 20 20 20 20 20 20 20 20 20 20 20 20 20 20  #  9  |\   __  \               
 5c 20 5c 20 20 5c 7c 5c 20 2f 5f 20 20 20 20 20 20 20 20 20 20 20 20 20 20 20 20 20 20 20 20 20  # 10  \ \  \|\ /_              
 20 5c 20 5c 20 20 20 5f 5f 20 20 5c 20 20 20 20 20 20 20 20 20 20 20 20 20 20 20 20 20 20 20 20  # 11   \ \   __  \             
 20 20 5c 20 5c 20 20 5c 7c 5c 20 20 5c 20 20 20 20 20 20 20 20 20 20 20 20 20 20 20 20 20 20 20  # 12    \ \  \|\  \            
 20 20 20 5c 20 5c 5f 5f 5f 5f 5f 5f 5f 5c 20 20 20 20 20 20 20 20 20 20 20 20 20 20 20 20 20 20  # 13     \ \_______\           
 20 20 20 20 5c 7c 5f 5f 5f 5f 5f 5f 5f 7c 20 20 20 20 20 20 20 20 20 20 20 20 20 20 20 20 20 20  # 14      \|_______|           
 20 20 20 20 20 20 20 20 20 20 20 20 20 20 20 20 20 20 20 20 20 20 20 20 20 20 20 20 20 20 20 20  # 15                           

 20 5f 5f 5f 5f 5f 5f 5f 5f 20 20 20 20 20 20 20 20 20 20 20 20 20 20 20 20 20 20 20 20 20 20 20  # 16   ________                
 7c 5c 20 20 20 5f 5f 5f 5f 5c 20 20 20 20 20 20 20 20 20 20 20 20 20 20 20 20 20 20 20 20 20 20  # 17  |\   ____\               
 5c 20 5c 20 20 5c 5f 5f 5f 7c 20 20 20 20 20 20 20 20 20 20 20 20 20 20 20 20 20 20 20 20 20 20  # 18  \ \  \___|               
 20 5c 20 5c 20 20 5c 20 20 20 20 20 20 20 20 20 20 20 20 20 20 20 20 20 20 20 20 20 20 20 20 20  # 19   \ \  \                  
 20 20 5c 20 5c 20 20 5c 5f 5f 5f 5f 20 20 20 20 20 20 20 20 20 20 20 20 20 20 20 20 20 20 20 20  # 20    \ \  \____             
 20 20 20 5c 20 5c 5f 5f 5f 5f 5f 5f 5f 5c 20 20 20 20 20 20 20 20 20 20 20 20 20 20 20 20 20 20  # 21     \ \_______\           
 20 20 20 20 5c 7c 5f 5f 5f 5f 5f 5f 5f 7c 20 20 20 20 20 20 20 20 20 20 20 20 20 20 20 20 20 20  # 22      \|_______|           
 20 20 20 20 20 20 20 20 20 20 20 20 20 20 20 20 20 20 20 20 20 20 20 20 20 20 20 20 20 20 20 20  # 23                           

 20 5f 5f 5f 5f 5f 5f 5f 5f 20 20 20 20 20 20 20 20 20 20 20 20 20 20 20 20 20 20 20 20 20 20 20  # 24   ________                
 7c 5c 20 20 20 5f 5f 5f 20 5c 20 20 20 20 20 20 20 20 20 20 20 20 20 20 20 20 20 20 20 20 20 20  # 25  |\   ___ \               
 5c 20 5c 20 20 5c 5f 7c 5c 20 5c 20 20 20 20 20 20 20 20 20 20 20 20 20 20 20 20 20 20 20 20 20  # 26  \ \  \_|\ \              
 20 5c 20 5c 20 20 5c 20 5c 5c 20 5c 20 20 20 20 20 20 20 20 20 20 20 20 20 20 20 20 20 20 20 20  # 27   \ \  \ \\ \             
 20 20 5c 20 5c 20 20 5c 5f 5c 5c 20 5c 20 20 20 20 20 20 20 20 20 20 20 20 20 20 20 20 20 20 20  # 28    \ \  \_\\ \            
 20 20 20 5c 20 5c 5f 5f 5f 5f 5f 5f 5f 5c 20 20 20 20 20 20 20 20 20 20 20 20 20 20 20 20 20 20  # 29     \ \_______\           
 20 20 20 20 5c 7c 5f 5f 5f 5f 5f 5f 5f 7c 20 20 20 20 20 20 20 20 20 20 20 20 20 20 20 20 20 20  # 30      \|_______|           
 20 20 20 20 20 20 20 20 20 20 20 20 20 20 20 20 20 20 20 20 20 20 20 20 20 20 20 20 20 20 20 20  # 31                           

 20 5f 5f 5f 5f 5f 5f 5f 20 20 20 20 20 20 20 20 20 20 20 20 20 20 20 20 20 20 20 20 20 20 20 20  # 32   _______                 
 7c 5c 20 20 5f 5f 5f 20 5c 20 20 20 20 20 20 20 20 20 20 20 20 20 20 20 20 20 20 20 20 20 20 20  # 33  |\  ___ \                
 5c 20 5c 20 20 20 5f 5f 2f 7c 20 20 20 20 20 20 20 20 20 20 20 20 20 20 20 20 20 20 20 20 20 20  # 34  \ \   __/|               
 20 5c 20 5c 20 20 5c 5f 7c 2f 5f 5f 20 20 20 20 20 20 20 20 20 20 20 20 20 20 20 20 20 20 20 20  # 35   \ \  \_|/__             
 20 20 5c 20 5c 20 20 5c 5f 7c 5c 20 5c 20 20 20 20 20 20 20 20 20 20 20 20 20 20 20 20 20 20 20  # 36    \ \  \_|\ \            
 20 20 20 5c 20 5c 5f 5f 5f 5f 5f 5f 5f 5c 20 20 20 20 20 20 20 20 20 20 20 20 20 20 20 20 20 20  # 37     \ \_______\           
 20 20 20 20 5c 7c 5f 5f 5f 5f 5f 5f 5f 7c 20 20 20 20 20 20 20 20 20 20 20 20 20 20 20 20 20 20  # 38      \|_______|           
 20 20 20 20 20 20 20 20 20 20 20 20 20 20 20 20 20 20 20 20 20 20 20 20 20 20 20 20 20 20 20 20  # 39                           

 20 5f 5f 5f 5f 5f 5f 5f 5f 20 20 20 20 20 20 20 20 20 20 20 20 20 20 20 20 20 20 20 20 20 20 20  # 40   ________                
 7c 5c 20 20 5f 5f 5f 5f 5f 5c 20 20 20 20 20 20 20 20 20 20 20 20 20 20 20 20 20 20 20 20 20 20  # 41  |\  _____\               
 5c 20 5c 20 20 5c 5f 5f 2f 20 20 20 20 20 20 20 20 20 20 20 20 20 20 20 20 20 20 20 20 20 20 20  # 42  \ \  \__/                
 20 5c 20 5c 20 20 20 5f 5f 5c 20 20 20 20 20 20 20 20 20 20 20 20 20 20 20 20 20 20 20 20 20 20  # 43   \ \   __\               
 20 20 5c 20 5c 20 20 5c 5f 7c 20 20 20 20 20 20 20 20 20 20 20 20 20 20 20 20 20 20 20 20 20 20  # 44    \ \  \_|               
 20 20 20 5c 20 5c 5f 5f 5c 20 20 20 20 20 20 20 20 20 20 20 20 20 20 20 20 20 20 20 20 20 20 20  # 45     \ \__\                
 20 20 20 20 5c 7c 5f 5f 7c 20 20 20 20 20 20 20 20 20 20 20 20 20 20 20 20 20 20 20 20 20 20 20  # 46      \|__|                
 20 20 20 20 20 20 20 20 20 20 20 20 20 20 20 20 20 20 20 20 20 20 20 20 20 20 20 20 20 20 20 20  # 47                           

 20 5f 5f 5f 5f 5f 5f 5f 5f 20 20 20 20 20 20 20 20 20 20 20 20 20 20 20 20 20 20 20 20 20 20 20  # 48   ________                
 7c 5c 20 20 20 5f 5f 5f 5f 5c 20 20 20 20 20 20 20 20 20 20 20 20 20 20 20 20 20 20 20 20 20 20  # 49  |\   ____\               
 5c 20 5c 20 20 5c 5f 5f 5f 7c 20 20 20 20 20 20 20 20 20 20 20 20 20 20 20 20 20 20 20 20 20 20  # 50  \ \  \___|               
 20 5c 20 5c 20 20 5c 20 20 5f 5f 5f 20 20 20 20 20 20 20 20 20 20 20 20 20 20 20 20 20 20 20 20  # 51   \ \  \  ___             
 20 20 5c 20 5c 20 20 5c 7c 5c 20 20 5c 20 20 20 20 20 20 20 20 20 20 20 20 20 20 20 20 20 20 20  # 52    \ \  \|\  \            
 20 20 20 5c 20 5c 5f 5f 5f 5f 5f 5f 5f 5c 20 20 20 20 20 20 20 20 20 20 20 20 20 20 20 20 20 20  # 53     \ \_______\           
 20 20 20 20 5c 7c 5f 5f 5f 5f 5f 5f 5f 7c 20 20 20 20 20 20 20 20 20 20 20 20 20 20 20 20 20 20  # 54      \|_______|           
 20 20 20 20 20 20 20 20 20 20 20 20 20 20 20 20 20 20 20 20 20 20 20 20 20 20 20 20 20 20 20 20  # 55                           

 20 5f 5f 5f 20 20 5f 5f 5f 20 20 20 20 20 20 20 20 20 20 20 20 20 20 20 20 20 20 20 20 20 20 20  # 56   ___  ___                
 7c 5c 20 20 5c 7c 5c 20 20 5c 20 20 20 20 20 20 20 20 20 20 20 20 20 20 20 20 20 20 20 20 20 20  # 57  |\  \|\  \               
 5c 20 5c 20 20 5c 5c 5c 20 20 5c 20 20 20 20 20 20 20 20 20 20 20 20 20 20 20 20 20 20 20 20 20  # 58  \ \  \\\  \              
 20 5c 20 5c 20 20 20 5f 5f 20 20 5c 20 20 20 20 20 20 20 20 20 20 20 20 20 20 20 20 20 20 20 20  # 59   \ \   __  \             
 20 20 5c 20 5c 20 20 5c 20 5c 20 20 5c 20 20 20 20 20 20 20 20 20 20 20 20 20 20 20 20 20 20 20  # 60    \ \  \ \  \            
 20 20 20 5c 20 5c 5f 5f 5c 20 5c 5f 5f 5c 20 20 20 20 20 20 20 20 20 20 20 20 20 20 20 20 20 20  # 61     \ \__\ \__\           
 20 20 20 20 5c 7c 5f 5f 7c 5c 7c 5f 5f 7c 20 20 20 20 20 20 20 20 20 20 20 20 20 20 20 20 20 20  # 62      \|__|\|__|           
 20 20 20 20 20 20 20 20 20 20 20 20 20 20 20 20 20 20 20 20 20 20 20 20 20 20 20 20 20 20 20 20  # 63                           

 20 5f 5f 5f 20 20 20 20 20 20 20 20 20 20 20 20 20 20 20 20 20 20 20 20 20 20 20 20 20 20 20 20  # 64   ___                     
 7c 5c 20 20 5c 20 20 20 20 20 20 20 20 20 20 20 20 20 20 20 20 20 20 20 20 20 20 20 20 20 20 20  # 65  |\  \                    
 5c 20 5c 20 20 5c 20 20 20 20 20 20 20 20 20 20 20 20 20 20 20 20 20 20 20 20 20 20 20 20 20 20  # 66  \ \  \                   
 20 5c 20 5c 20 20 5c 20 20 20 20 20 20 20 20 20 20 20 20 20 20 20 20 20 20 20 20 20 20 20 20 20  # 67   \ \  \                  
 20 20 5c 20 5c 20 20 5c 20 20 20 20 20 20 20 20 20 20 20 20 20 20 20 20 20 20 20 20 20 20 20 20  # 68    \ \  \                 
 20 20 20 5c 20 5c 5f 5f 5c 20 20 20 20 20 20 20 20 20 20 20 20 20 20 20 20 20 20 20 20 20 20 20  # 69     \ \__\                
 20 20 20 20 5c 7c 5f 5f 7c 20 20 20 20 20 20 20 20 20 20 20 20 20 20 20 20 20 20 20 20 20 20 20  # 70      \|__|                
 20 20 20 20 20 20 20 20 20 20 20 20 20 20 20 20 20 20 20 20 20 20 20 20 20 20 20 20 20 20 20 20  # 71                           

 20 20 20 20 5f 5f 5f 20 20 20 20 20 20 20 20 20 20 20 20 20 20 20 20 20 20 20 20 20 20 20 20 20  # 72      ___                  
 20 20 20 7c 5c 20 20 5c 20 20 20 20 20 20 20 20 20 20 20 20 20 20 20 20 20 20 20 20 20 20 20 20  # 73     |\  \                 
 20 20 20 5c 20 5c 20 20 5c 20 20 20 20 20 20 20 20 20 20 20 20 20 20 20 20 20 20 20 20 20 20 20  # 74     \ \  \                
 20 5f 5f 20 5c 20 5c 20 20 5c 20 20 20 20 20 20 20 20 20 20 20 20 20 20 20 20 20 20 20 20 20 20  # 75   __ \ \  \               
 7c 5c 20 20 5c 5c 5f 5c 20 20 5c 20 20 20 20 20 20 20 20 20 20 20 20 20 20 20 20 20 20 20 20 20  # 76  |\  \\_\  \              
 5c 20 5c 5f 5f 5f 5f 5f 5f 5f 5f 5c 20 20 20 20 20 20 20 20 20 20 20 20 20 20 20 20 20 20 20 20  # 77  \ \________\             
 20 5c 7c 5f 5f 5f 5f 5f 5f 5f 5f 7c 20 20 20 20 20 20 20 20 20 20 20 20 20 20 20 20 20 20 20 20  # 78   \|________|             
 20 20 20 20 20 20 20 20 20 20 20 20 20 20 20 20 20 20 20 20 20 20 20 20 20 20 20 20 20 20 20 20  # 79                           

 20 5f 5f 5f 20 20 5f 5f 20 20 20 20 20 20 20 20 20 20 20 20 20 20 20 20 20 20 20 20 20 20 20 20  # 80   ___  __                 
 7c 5c 20 20 5c 7c 5c 20 20 5c 20 20 20 20 20 20 20 20 20 20 20 20 20 20 20 20 20 20 20 20 20 20  # 81  |\  \|\  \               
 5c 20 5c 20 20 5c 2f 20 20 2f 7c 5f 20 20 20 20 20 20 20 20 20 20 20 20 20 20 20 20 20 20 20 20  # 82  \ \  \/  /|_             
 20 5c 20 5c 20 20 20 5f 5f 5f 20 20 5c 20 20 20 20 20 20 20 20 20 20 20 20 20 20 20 20 20 20 20  # 83   \ \   ___  \            
 20 20 5c 20 5c 20 20 5c 5c 20 5c 20 20 5c 20 20 20 20 20 20 20 20 20 20 20 20 20 20 20 20 20 20  # 84    \ \  \\ \  \           
 20 20 20 5c 20 5c 5f 5f 5c 5c 20 5c 5f 5f 5c 20 20 20 20 20 20 20 20 20 20 20 20 20 20 20 20 20  # 85     \ \__\\ \__\          
 20 20 20 20 5c 7c 5f 5f 7c 20 5c 7c 5f 5f 7c 20 20 20 20 20 20 20 20 20 20 20 20 20 20 20 20 20  # 86      \|__| \|__|          
 20 20 20 20 20 20 20 20 20 20 20 20 20 20 20 20 20 20 20 20 20 20 20 20 20 20 20 20 20 20 20 20  # 87                           

 20 5f 5f 5f 20 20 20 20 20 20 20 20 20 20 20 20 20 20 20 20 20 20 20 20 20 20 20 20 20 20 20 20  # 88   ___                     
 7c 5c 20 20 5c 20 20 20 20 20 20 20 20 20 20 20 20 20 20 20 20 20 20 20 20 20 20 20 20 20 20 20  # 89  |\  \                    
 5c 20 5c 20 20 5c 20 20 20 20 20 20 20 20 20 20 20 20 20 20 20 20 20 20 20 20 20 20 20 20 20 20  # 90  \ \  \                   
 20 5c 20 5c 20 20 5c 20 20 20 20 20 20 20 20 20 20 20 20 20 20 20 20 20 20 20 20 20 20 20 20 20  # 91   \ \  \                  
 20 20 5c 20 5c 20 20 5c 5f 5f 5f 5f 20 20 20 20 20 20 20 20 20 20 20 20 20 20 20 20 20 20 20 20  # 92    \ \  \____             
 20 20 20 5c 20 5c 5f 5f 5f 5f 5f 5f 5f 5c 20 20 20 20 20 20 20 20 20 20 20 20 20 20 20 20 20 20  # 93     \ \_______\           
 20 20 20 20 5c 7c 5f 5f 5f 5f 5f 5f 5f 7c 20 20 20 20 20 20 20 20 20 20 20 20 20 20 20 20 20 20  # 94      \|_______|           
 20 20 20 20 20 20 20 20 20 20 20 20 20 20 20 20 20 20 20 20 20 20 20 20 20 20 20 20 20 20 20 20  # 95                           

 20 5f 5f 5f 5f 5f 20 5f 5f 5f 5f 5f 5f 20 20 20 20 20 20 20 20 20 20 20 20 20 20 20 20 20 20 20  # 96   _____ ______            
 7c 5c 20 20 20 5f 20 5c 20 20 5f 20 20 20 5c 20 20 20 20 20 20 20 20 20 20 20 20 20 20 20 20 20  # 97  |\   _ \  _   \          
 5c 20 5c 20 20 5c 5c 5c 5f 5f 5c 20 5c 20 20 5c 20 20 20 20 20 20 20 20 20 20 20 20 20 20 20 20  # 98  \ \  \\\__\ \  \         
 20 5c 20 5c 20 20 5c 5c 7c 5f 5f 7c 20 5c 20 20 5c 20 20 20 20 20 20 20 20 20 20 20 20 20 20 20  # 99   \ \  \\|__| \  \        
 20 20 5c 20 5c 20 20 5c 20 20 20 20 5c 20 5c 20 20 5c 20 20 20 20 20 20 20 20 20 20 20 20 20 20  #100    \ \  \    \ \  \       
 20 20 20 5c 20 5c 5f 5f 5c 20 20 20 20 5c 20 5c 5f 5f 5c 20 20 20 20 20 20 20 20 20 20 20 20 20  #101     \ \__\    \ \__\      
 20 20 20 20 5c 7c 5f 5f 7c 20 20 20 20 20 5c 7c 5f 5f 7c 20 20 20 20 20 20 20 20 20 20 20 20 20  #102      \|__|     \|__|      
 20 20 20 20 20 20 20 20 20 20 20 20 20 20 20 20 20 20 20 20 20 20 20 20 20 20 20 20 20 20 20 20  #103                           

 20 5f 5f 5f 5f 5f 5f 5f 5f 20 20 20 20 20 20 20 20 20 20 20 20 20 20 20 20 20 20 20 20 20 20 20  #104   ________                
 7c 5c 20 20 20 5f 5f 5f 20 20 5c 20 20 20 20 20 20 20 20 20 20 20 20 20 20 20 20 20 20 20 20 20  #105  |\   ___  \              
 5c 20 5c 20 20 5c 5c 20 5c 20 20 5c 20 20 20 20 20 20 20 20 20 20 20 20 20 20 20 20 20 20 20 20  #106  \ \  \\ \  \             
 20 5c 20 5c 20 20 5c 5c 20 5c 20 20 5c 20 20 20 20 20 20 20 20 20 20 20 20 20 20 20 20 20 20 20  #107   \ \  \\ \  \            
 20 20 5c 20 5c 20 20 5c 5c 20 5c 20 20 5c 20 20 20 20 20 20 20 20 20 20 20 20 20 20 20 20 20 20  #108    \ \  \\ \  \           
 20 20 20 5c 20 5c 5f 5f 5c 5c 20 5c 5f 5f 5c 20 20 20 20 20 20 20 20 20 20 20 20 20 20 20 20 20  #109     \ \__\\ \__\          
 20 20 20 20 5c 7c 5f 5f 7c 20 5c 7c 5f 5f 7c 20 20 20 20 20 20 20 20 20 20 20 20 20 20 20 20 20  #110      \|__| \|__|          
 20 20 20 20 20 20 20 20 20 20 20 20 20 20 20 20 20 20 20 20 20 20 20 20 20 20 20 20 20 20 20 20  #111                           

 20 5f 5f 5f 5f 5f 5f 5f 5f 20 20 20 20 20 20 20 20 20 20 20 20 20 20 20 20 20 20 20 20 20 20 20  #112   ________                
 7c 5c 20 20 20 5f 5f 20 20 5c 20 20 20 20 20 20 20 20 20 20 20 20 20 20 20 20 20 20 20 20 20 20  #113  |\   __  \               
 5c 20 5c 20 20 5c 7c 5c 20 20 5c 20 20 20 20 20 20 20 20 20 20 20 20 20 20 20 20 20 20 20 20 20  #114  \ \  \|\  \              
 20 5c 20 5c 20 20 5c 5c 5c 20 20 5c 20 20 20 20 20 20 20 20 20 20 20 20 20 20 20 20 20 20 20 20  #115   \ \  \\\  \             
 20 20 5c 20 5c 20 20 5c 5c 5c 20 20 5c 20 20 20 20 20 20 20 20 20 20 20 20 20 20 20 20 20 20 20  #116    \ \  \\\  \            
 20 20 20 5c 20 5c 5f 5f 5f 5f 5f 5f 5f 5c 20 20 20 20 20 20 20 20 20 20 20 20 20 20 20 20 20 20  #117     \ \_______\           
 20 20 20 20 5c 7c 5f 5f 5f 5f 5f 5f 5f 7c 20 20 20 20 20 20 20 20 20 20 20 20 20 20 20 20 20 20  #118      \|_______|           
 20 20 20 20 20 20 20 20 20 20 20 20 20 20 20 20 20 20 20 20 20 20 20 20 20 20 20 20 20 20 20 20  #119                           

 20 5f 5f 5f 5f 5f 5f 5f 5f 20 20 20 20 20 20 20 20 20 20 20 20 20 20 20 20 20 20 20 20 20 20 20  #120   ________                
 7c 5c 20 20 20 5f 5f 20 20 5c 20 20 20 20 20 20 20 20 20 20 20 20 20 20 20 20 20 20 20 20 20 20  #121  |\   __  \               
 5c 20 5c 20 20 5c 7c 5c 20 20 5c 20 20 20 20 20 20 20 20 20 20 20 20 20 20 20 20 20 20 20 20 20  #122  \ \  \|\  \              
 20 5c 20 5c 20 20 20 5f 5f 5f 5f 5c 20 20 20 20 20 20 20 20 20 20 20 20 20 20 20 20 20 20 20 20  #123   \ \   ____\             
 20 20 5c 20 5c 20 20 5c 5f 5f 5f 7c 20 20 20 20 20 20 20 20 20 20 20 20 20 20 20 20 20 20 20 20  #124    \ \  \___|             
 20 20 20 5c 20 5c 5f 5f 5c 20 20 20 20 20 20 20 20 20 20 20 20 20 20 20 20 20 20 20 20 20 20 20  #125     \ \__\                
 20 20 20 20 5c 7c 5f 5f 7c 20 20 20 20 20 20 20 20 20 20 20 20 20 20 20 20 20 20 20 20 20 20 20  #126      \|__|                
 20 20 20 20 20 20 20 20 20 20 20 20 20 20 20 20 20 20 20 20 20 20 20 20 20 20 20 20 20 20 20 20  #127                           

 20 5f 5f 5f 5f 5f 5f 5f 5f 20 20 20 20 20 20 20 20 20 20 20 20 20 20 20 20 20 20 20 20 20 20 20  #128   ________                
 7c 5c 20 20 20 5f 5f 20 20 5c 20 20 20 20 20 20 20 20 20 20 20 20 20 20 20 20 20 20 20 20 20 20  #129  |\   __  \               
 5c 20 5c 20 20 5c 7c 5c 20 20 5c 20 20 20 20 20 20 20 20 20 20 20 20 20 20 20 20 20 20 20 20 20  #130  \ \  \|\  \              
 20 5c 20 5c 20 20 5c 5c 5c 20 20 5c 20 20 20 20 20 20 20 20 20 20 20 20 20 20 20 20 20 20 20 20  #131   \ \  \\\  \             
 20 20 5c 20 5c 20 20 5c 5c 5c 20 20 5c 20 20 20 20 20 20 20 20 20 20 20 20 20 20 20 20 20 20 20  #132    \ \  \\\  \            
 20 20 20 5c 20 5c 5f 5f 5f 5f 5f 20 20 5c 20 20 20 20 20 20 20 20 20 20 20 20 20 20 20 20 20 20  #133     \ \_____  \           
 20 20 20 20 5c 7c 5f 5f 5f 7c 20 5c 5f 5f 5c 20 20 20 20 20 20 20 20 20 20 20 20 20 20 20 20 20  #134      \|___| \__\          
 20 20 20 20 20 20 20 20 20 20 5c 7c 5f 5f 7c 20 20 20 20 20 20 20 20 20 20 20 20 20 20 20 20 20  #135            \|__|          

 20 5f 5f 5f 5f 5f 5f 5f 5f 20 20 20 20 20 20 20 20 20 20 20 20 20 20 20 20 20 20 20 20 20 20 20  #136   ________                
 7c 5c 20 20 20 5f 5f 20 20 5c 20 20 20 20 20 20 20 20 20 20 20 20 20 20 20 20 20 20 20 20 20 20  #137  |\   __  \               
 5c 20 5c 20 20 5c 7c 5c 20 20 5c 20 20 20 20 20 20 20 20 20 20 20 20 20 20 20 20 20 20 20 20 20  #138  \ \  \|\  \              
 20 5c 20 5c 20 20 20 5f 20 20 5f 5c 20 20 20 20 20 20 20 20 20 20 20 20 20 20 20 20 20 20 20 20  #139   \ \   _  _\             
 20 20 5c 20 5c 20 20 5c 5c 20 20 5c 7c 20 20 20 20 20 20 20 20 20 20 20 20 20 20 20 20 20 20 20  #140    \ \  \\  \|            
 20 20 20 5c 20 5c 5f 5f 5c 5c 20 5f 5c 20 20 20 20 20 20 20 20 20 20 20 20 20 20 20 20 20 20 20  #141     \ \__\\ _\            
 20 20 20 20 5c 7c 5f 5f 7c 5c 7c 5f 5f 7c 20 20 20 20 20 20 20 20 20 20 20 20 20 20 20 20 20 20  #142      \|__|\|__|           
 20 20 20 20 20 20 20 20 20 20 20 20 20 20 20 20 20 20 20 20 20 20 20 20 20 20 20 20 20 20 20 20  #143                           

 20 5f 5f 5f 5f 5f 5f 5f 5f 20 20 20 20 20 20 20 20 20 20 20 20 20 20 20 20 20 20 20 20 20 20 20  #144   ________                
 7c 5c 20 20 20 5f 5f 5f 5f 5c 20 20 20 20 20 20 20 20 20 20 20 20 20 20 20 20 20 20 20 20 20 20  #145  |\   ____\               
 5c 20 5c 20 20 5c 5f 5f 5f 7c 5f 20 20 20 20 20 20 20 20 20 20 20 20 20 20 20 20 20 20 20 20 20  #146  \ \  \___|_              
 20 5c 20 5c 5f 5f 5f 5f 5f 20 20 5c 20 20 20 20 20 20 20 20 20 20 20 20 20 20 20 20 20 20 20 20  #147   \ \_____  \             
 20 20 5c 7c 5f 5f 5f 5f 7c 5c 20 20 5c 20 20 20 20 20 20 20 20 20 20 20 20 20 20 20 20 20 20 20  #148    \|____|\  \            
 20 20 20 20 5f 5f 5f 5f 5c 5f 5c 20 20 5c 20 20 20 20 20 20 20 20 20 20 20 20 20 20 20 20 20 20  #149      ____\_\  \           
 20 20 20 7c 5c 5f 5f 5f 5f 5f 5f 5f 5f 5f 5c 20 20 20 20 20 20 20 20 20 20 20 20 20 20 20 20 20  #150     |\_________\          
 20 20 20 5c 7c 5f 5f 5f 5f 5f 5f 5f 5f 5f 7c 20 20 20 20 20 20 20 20 20 20 20 20 20 20 20 20 20  #151     \|_________|          

 20 5f 5f 5f 5f 5f 5f 5f 5f 5f 20 20 20 20 20 20 20 20 20 20 20 20 20 20 20 20 20 20 20 20 20 20  #152   _________               
 7c 5c 5f 5f 5f 20 20 20 5f 5f 5f 5c 20 20 20 20 20 20 20 20 20 20 20 20 20 20 20 20 20 20 20 20  #153  |\___   ___\             
 5c 7c 5f 5f 5f 20 5c 20 20 5c 5f 7c 20 20 20 20 20 20 20 20 20 20 20 20 20 20 20 20 20 20 20 20  #154  \|___ \  \_|             
 20 20 20 20 20 5c 20 5c 20 20 5c 20 20 20 20 20 20 20 20 20 20 20 20 20 20 20 20 20 20 20 20 20  #155       \ \  \              
 20 20 20 20 20 20 5c 20 5c 20 20 5c 20 20 20 20 20 20 20 20 20 20 20 20 20 20 20 20 20 20 20 20  #156        \ \  \             
 20 20 20 20 20 20 20 5c 20 5c 5f 5f 5c 20 20 20 20 20 20 20 20 20 20 20 20 20 20 20 20 20 20 20  #157         \ \__\            
 20 20 20 20 20 20 20 20 5c 7c 5f 5f 7c 20 20 20 20 20 20 20 20 20 20 20 20 20 20 20 20 20 20 20  #158          \|__|            
 20 20 20 20 20 20 20 20 20 20 20 20 20 20 20 20 20 20 20 20 20 20 20 20 20 20 20 20 20 20 20 20  #159                           

 20 5f 5f 5f 20 20 5f 5f 5f 20 20 20 20 20 20 20 20 20 20 20 20 20 20 20 20 20 20 20 20 20 20 20  #160   ___  ___                
 7c 5c 20 20 5c 7c 5c 20 20 5c 20 20 20 20 20 20 20 20 20 20 20 20 20 20 20 20 20 20 20 20 20 20  #161  |\  \|\  \               
 5c 20 5c 20 20 5c 5c 5c 20 20 5c 20 20 20 20 20 20 20 20 20 20 20 20 20 20 20 20 20 20 20 20 20  #162  \ \  \\\  \              
 20 5c 20 5c 20 20 5c 5c 5c 20 20 5c 20 20 20 20 20 20 20 20 20 20 20 20 20 20 20 20 20 20 20 20  #163   \ \  \\\  \             
 20 20 5c 20 5c 20 20 5c 5c 5c 20 20 5c 20 20 20 20 20 20 20 20 20 20 20 20 20 20 20 20 20 20 20  #164    \ \  \\\  \            
 20 20 20 5c 20 5c 5f 5f 5f 5f 5f 5f 5f 5c 20 20 20 20 20 20 20 20 20 20 20 20 20 20 20 20 20 20  #165     \ \_______\           
 20 20 20 20 5c 7c 5f 5f 5f 5f 5f 5f 5f 7c 20 20 20 20 20 20 20 20 20 20 20 20 20 20 20 20 20 20  #166      \|_______|           
 20 20 20 20 20 20 20 20 20 20 20 20 20 20 20 20 20 20 20 20 20 20 20 20 20 20 20 20 20 20 20 20  #167                           

 20 5f 5f 5f 20 20 20 20 20 20 5f 5f 5f 20 20 20 20 20 20 20 20 20 20 20 20 20 20 20 20 20 20 20  #168   ___      ___            
 7c 5c 20 20 5c 20 20 20 20 2f 20 20 2f 7c 20 20 20 20 20 20 20 20 20 20 20 20 20 20 20 20 20 20  #169  |\  \    /  /|           
 5c 20 5c 20 20 5c 20 20 2f 20 20 2f 20 2f 20 20 20 20 20 20 20 20 20 20 20 20 20 20 20 20 20 20  #170  \ \  \  /  / /           
 20 5c 20 5c 20 20 5c 2f 20 20 2f 20 2f 20 20 20 20 20 20 20 20 20 20 20 20 20 20 20 20 20 20 20  #171   \ \  \/  / /            
 20 20 5c 20 5c 20 20 20 20 2f 20 2f 20 20 20 20 20 20 20 20 20 20 20 20 20 20 20 20 20 20 20 20  #172    \ \    / /             
 20 20 20 5c 20 5c 5f 5f 2f 20 2f 20 20 20 20 20 20 20 20 20 20 20 20 20 20 20 20 20 20 20 20 20  #173     \ \__/ /              
 20 20 20 20 5c 7c 5f 5f 7c 2f 20 20 20 20 20 20 20 20 20 20 20 20 20 20 20 20 20 20 20 20 20 20  #174      \|__|/               
 20 20 20 20 20 20 20 20 20 20 20 20 20 20 20 20 20 20 20 20 20 20 20 20 20 20 20 20 20 20 20 20  #175                           

 20 5f 5f 5f 20 20 20 20 20 20 20 5f 5f 20 20 20 20 20 20 20 20 20 20 20 20 20 20 20 20 20 20 20  #176   ___       __            
 7c 5c 20 20 5c 20 20 20 20 20 7c 5c 20 20 5c 20 20 20 20 20 20 20 20 20 20 20 20 20 20 20 20 20  #177  |\  \     |\  \          
 5c 20 5c 20 20 5c 20 20 20 20 5c 20 5c 20 20 5c 20 20 20 20 20 20 20 20 20 20 20 20 20 20 20 20  #178  \ \  \    \ \  \         
 20 5c 20 5c 20 20 5c 20 20 5f 5f 5c 20 5c 20 20 5c 20 20 20 20 20 20 20 20 20 20 20 20 20 20 20  #179   \ \  \  __\ \  \        
 20 20 5c 20 5c 20 20 5c 7c 5c 5f 5f 5c 5f 5c 20 20 5c 20 20 20 20 20 20 20 20 20 20 20 20 20 20  #180    \ \  \|\__\_\  \       
 20 20 20 5c 20 5c 5f 5f 5f 5f 5f 5f 5f 5f 5f 5f 5f 5f 5c 20 20 20 20 20 20 20 20 20 20 20 20 20  #181     \ \____________\      
 20 20 20 20 5c 7c 5f 5f 5f 5f 5f 5f 5f 5f 5f 5f 5f 5f 7c 20 20 20 20 20 20 20 20 20 20 20 20 20  #182      \|____________|      
 20 20 20 20 20 20 20 20 20 20 20 20 20 20 20 20 20 20 20 20 20 20 20 20 20 20 20 20 20 20 20 20  #183                           

 20 5f 5f 5f 20 20 20 20 5f 5f 5f 20 20 20 20 20 20 20 20 20 20 20 20 20 20 20 20 20 20 20 20 20  #184   ___    ___              
 7c 5c 20 20 5c 20 20 2f 20 20 2f 7c 20 20 20 20 20 20 20 20 20 20 20 20 20 20 20 20 20 20 20 20  #185  |\  \  /  /|             
 5c 20 5c 20 20 5c 2f 20 20 2f 20 2f 20 20 20 20 20 20 20 20 20 20 20 20 20 20 20 20 20 20 20 20  #186  \ \  \/  / /             
 20 5c 20 5c 20 20 20 20 2f 20 2f 20 20 20 20 20 20 20 20 20 20 20 20 20 20 20 20 20 20 20 20 20  #187   \ \    / /              
 20 20 2f 20 20 20 20 20 5c 2f 20 20 20 20 20 20 20 20 20 20 20 20 20 20 20 20 20 20 20 20 20 20  #188    /     \/               
 20 2f 20 20 2f 5c 20 20 20 5c 20 20 20 20 20 20 20 20 20 20 20 20 20 20 20 20 20 20 20 20 20 20  #189   /  /\   \               
 2f 5f 5f 2f 20 2f 5c 20 5f 5f 5c 20 20 20 20 20 20 20 20 20 20 20 20 20 20 20 20 20 20 20 20 20  #190  /__/ /\ __\              
 7c 5f 5f 7c 2f 20 5c 7c 5f 5f 7c 20 20 20 20 20 20 20 20 20 20 20 20 20 20 20 20 20 20 20 20 20  #191  |__|/ \|__|              

 20 20 5f 5f 5f 20 20 20 20 5f 5f 5f 20 20 20 20 20 20 20 20 20 20 20 20 20 20 20 20 20 20 20 20  #192    ___    ___             
 20 7c 5c 20 20 5c 20 20 2f 20 20 2f 7c 20 20 20 20 20 20 20 20 20 20 20 20 20 20 20 20 20 20 20  #193   |\  \  /  /|            
 20 5c 20 5c 20 20 5c 2f 20 20 2f 20 2f 20 20 20 20 20 20 20 20 20 20 20 20 20 20 20 20 20 20 20  #194   \ \  \/  / /            
 20 20 5c 20 5c 20 20 20 20 2f 20 2f 20 20 20 20 20 20 20 20 20 20 20 20 20 20 20 20 20 20 20 20  #195    \ \    / /             
 20 20 20 5c 2f 20 20 2f 20 20 2f 20 20 20 20 20 20 20 20 20 20 20 20 20 20 20 20 20 20 20 20 20  #196     \/  /  /              
 20 5f 5f 2f 20 20 2f 20 2f 20 20 20 20 20 20 20 20 20 20 20 20 20 20 20 20 20 20 20 20 20 20 20  #197   __/  / /                
 7c 5c 5f 5f 5f 2f 20 2f 20 20 20 20 20 20 20 20 20 20 20 20 20 20 20 20 20 20 20 20 20 20 20 20  #198  |\___/ /                 
 5c 7c 5f 5f 5f 7c 2f 20 20 20 20 20 20 20 20 20 20 20 20 20 20 20 20 20 20 20 20 20 20 20 20 20  #199  \|___|/                  

 20 5f 5f 5f 5f 5f 5f 5f 5f 20 20 20 20 20 20 20 20 20 20 20 20 20 20 20 20 20 20 20 20 20 20 20  #200   ________                
 7c 5c 5f 5f 5f 5f 5f 20 20 5c 20 20 20 20 20 20 20 20 20 20 20 20 20 20 20 20 20 20 20 20 20 20  #201  |\_____  \               
 20 5c 7c 5f 5f 5f 2f 20 20 2f 7c 20 20 20 20 20 20 20 20 20 20 20 20 20 20 20 20 20 20 20 20 20  #202   \|___/  /|              
 20 20 20 20 20 2f 20 20 2f 20 2f 20 20 20 20 20 20 20 20 20 20 20 20 20 20 20 20 20 20 20 20 20  #203       /  / /              
 20 20 20 20 2f 20 20 2f 5f 2f 5f 5f 20 20 20 20 20 20 20 20 20 20 20 20 20 20 20 20 20 20 20 20  #204      /  /_/__             
 20 20 20 7c 5c 5f 5f 5f 5f 5f 5f 5f 5f 5c 20 20 20 20 20 20 20 20 20 20 20 20 20 20 20 20 20 20  #205     |\________\           
 20 20 20 20 5c 7c 5f 5f 5f 5f 5f 5f 5f 7c 20 20 20 20 20 20 20 20 20 20 20 20 20 20 20 20 20 20  #206      \|_______|           
 20 20 20 20 20 20 20 20 20 20 20 20 20 20 20 20 20 20 20 20 20 20 20 20 20 20 20 20 20 20 20 20  #207                           
